time: 2025-11-16T17:35:29.125642800clss: Product Product{name='iphone', price='1100'}
time: 2025-11-16T17:35:38.182178100clss: Product Product{name='iphone', price='1100'}
